signature,log2FC
LY6D,4.19271373748779
NAP1L1,0.64523845911026
KRT17,2.0659646987915
RPL32,0.336119413375855
SNCG,1.27342617511749
RPS4X,0.266449004411697
MALAT1,0.437110275030136
ADIRF,0.558497607707977
KIAA0101,0.854274272918701
RPL34,0.287005245685577
DHFR,1.2803201675415
RPS3,0.219665229320526
PCNA,1.05651009082794
CLIC3,1.29784369468689
PERP,0.455026626586914
FXYD3,0.611996471881867
TIMP3,0.969716906547546
RPS13,0.24462853372097
WDR34,0.694407522678375
CFD,1.22633874416351
EEF1A1,0.24259489774704
RPS24,0.227646335959435
USP1,0.8587965965271
RPS18,0.205147787928581
RPL39,0.238898366689682
CALML5,2.53031826019287
RPS11,0.187933772802353
ATAD2,0.972144186496735
NASP,0.806260764598846
RPL26,0.192857727408409
CDK1,1.04255414009094
HELLS,0.953875005245209
GSN,0.922415196895599
E2F8,1.85215723514557
MDK,0.540345370769501
RPS3A,0.20578807592392
KLK5,1.18940985202789
HES4,0.62825471162796
RPA3,0.477278262376785
CYP1B1,2.95292210578918
ZWINT,0.84558767080307
TK1,0.525920689105988
BRK1,0.499263495206833
RRM2,0.939803838729858
SMC2,0.644667148590088
TPT1,0.199084565043449
STAG2,1.04334878921509
H3F3A,0.260080128908157
NUSAP1,0.856558263301849
HMGB2,0.791408956050873
SSR4,0.455513447523117
DUT,0.812185943126679
TYMS,0.737868666648865
RAD51AP1,1.14421355724335
RPL12,0.200566798448563
CCNE1,1.60594427585602
CLSPN,1.09319186210632
CKLF,0.637384116649628
SYNE2,0.926115095615387
RPS25,0.154856488108635
GMNN,0.606093347072601
SPANXD,0.92902398109436
IVNS1ABP,1.01922416687012
RCN3,1.09089803695679
RFC4,0.746420562267304
CST3,0.290088206529617
CYBA,0.343545138835907
HIST1H4C,0.835568726062775
RPS27,0.172354474663734
MT-ND6,0.608529508113861
DERA,0.523890018463135
MANF,0.46062770485878
RPL37A,0.137549757957459
FBXO5,1.00831162929535
DSCC1,0.971452414989471
WDR76,1.02795720100403
ASF1B,1.16424906253815
SOX4,0.58323347568512
SERPINB1,0.688359379768372
EEF1B2,0.224070772528648
RPL31,0.153418779373169
RPL29,0.183156415820122
RPL23A,0.152664512395859
MCM3,0.810342192649841
FAM111B,1.19510114192963
CRIP2,1.11058533191681
CSRP2,0.429360687732697
MCM7,0.716003477573395
BST2,0.608599781990051
PDLIM4,0.844271719455719
AURKB,0.692200720310211
RPS6,0.169774621725082
HSPB11,0.463023394346237
RPL36A,0.282422006130219
RPL13,0.139192268252373
SGOL1,0.741490364074707
RPS8,0.130640938878059
UBE2C,0.73214453458786
RNASEH2A,0.698844373226166
RPL9,0.139202386140823
HIST1H1A,0.859820663928986
UBE2T,0.532410860061646
TXNIP,0.990245819091797
RPS15A,0.121341466903687
RPL28,0.125701397657394
TOP2A,0.781715095043182
FEN1,0.753823459148407
EMP2,0.471127837896347
FTH1,0.224059641361237
FABP5,0.500296473503113
ATP1B3,0.350544512271881
CAT,0.365593612194061
STMN1,0.237088054418564
RPL23,0.192528411746025
RPL7A,0.189187481999397
IMPDH2,0.535768389701843
LINC00958,4.65949678421021
PNRC1,0.719295024871826
CEP295,1.02832114696503
BTG3,0.769696533679962
EIF4A2,0.310188412666321
PRDX2,0.219751730561256
S100A6,0.198819160461426
NUF2,0.776183843612671
NDC80,0.946842551231384
KIFC1,0.715287208557129
TUBB,0.381206065416336
RMI2,1.11859095096588
ALDH3A1,1.17625856399536
SLC25A1,0.697109043598175
RPLP1,0.0801929458975792
FOS,0.863447725772858
SLFN13,1.86120498180389
CDC6,0.805908262729645
DNAJC9,0.493426740169525
IGFBP3,0.660973370075226
SMARCC1,0.764792084693909
HOXB7,0.519919693470001
CKAP2,0.663437604904175
OXR1,0.576654732227325
KLK11,1.10042905807495
ZDHHC12,0.306292057037354
RPS23,0.124094799160957
UNC5B,1.10222554206848
CKS2,0.516587555408478
JOSD2,0.450649440288544
CDT1,0.750832140445709
RAD51,1.12158179283142
FBLN1,0.643452286720276
PCED1B,1.61349892616272
TUBB4B,0.46178936958313
CD74,1.43396246433258
TMEM107,0.472030133008957
CTHRC1,2.0571014881134
MCM10,0.933894693851471
GTF2I,0.580106317996979
CDCA5,1.04859972000122
FAM50A,0.526846468448639
PLA2G16,0.427937209606171
RPL41,0.0956203415989876
PDPN,1.22560584545136
PPDPF,0.173015370965004
BRCA2,0.764532208442688
KIF20B,0.60730516910553
RPS16,0.096949502825737
MAD2L1,0.486996084451675
MYBL2,0.977639198303223
FANCD2,1.33266079425812
MKI67,0.560675442218781
DGCR6L,0.464820057153702
ITGB3BP,0.521189868450165
LIN7B,1.07007360458374
RPS9,0.124213047325611
MCM5,0.765506088733673
MCM2,1.08418190479279
SUPT16H,0.37448114156723
CHD1,0.819359481334686
HJURP,1.00075781345367
RPL21,0.100443616509438
KRT13,0.833142340183258
NPC2,0.21262226998806
CDC45,0.93580150604248
GINS2,0.713673174381256
MALL,0.517261981964111
FAM111A,0.602160274982452
EAPP,0.597886919975281
ARPC5,0.217438831925392
ARHGEF39,1.26573920249939
CHAF1A,0.693137049674988
S100A14,1.0189802646637
LMNB1,0.919242560863495
RPS17,0.11476518958807
ROCK1,0.599895656108856
CXXC5,0.579087138175964
PBK,0.816232442855835
PSAP,0.257246375083923
RABIF,0.485018253326416
CASP8AP2,0.943614304065704
BCAM,0.772789835929871
ID2,0.54110050201416
SMC4,0.427759617567062
S100A4,1.17750871181488
RFC1,0.436196476221085
RPS12,0.1247843131423
RPL18A,0.0993246883153915
ANKLE2,0.504882454872131
COMMD6,0.191682249307632
TPP2,0.658060491085053
MIS18BP1,0.628984749317169
APP,0.353758037090302
CKAP2L,0.627620756626129
CCNE2,2.1893675327301
ATP6V1D,0.411150097846985
PRC1,0.452889502048492
ETFB,0.192947834730148
RDX,0.260282248258591
RPL13A,0.0891647636890411
VRK1,0.706416487693787
KLK1,1.54494893550873
ATAD1,0.770239949226379
RPAIN,0.359926640987396
C21orf58,0.911066055297852
TCIRG1,1.06346988677979
CDCA7,1.01762092113495
RBBP4,0.706993460655212
CISD2,0.334875881671906
HLA-A,0.16979606449604
NHLRC3,0.757044613361359
C9orf3,0.679908573627472
POLD3,0.742311775684357
SSRP1,0.256079524755478
PPARG,0.459597796201706
NCAPG,0.641824424266815
MMS22L,1.43642330169678
LARP7,0.48941096663475
PHF3,0.499223649501801
UPF2,0.407079011201859
SYNGR1,0.798778176307678
FRMD3,2.15773439407349
THYN1,0.370113402605057
BAZ1A,0.415700972080231
RFC2,0.606621384620667
CDCA4,0.58230584859848
PRIM1,0.852694988250732
MSH2,0.730199456214905
SMARCA1,0.753409326076508
HPRT1,0.51218593120575
KIF11,0.803498804569244
MTF2,0.75792521238327
LAMA4,1.08719944953918
PKMYT1,0.727078080177307
RIBC2,1.45884394645691
C9orf16,0.357321202754974
HNRNPU,0.227802038192749
ARHGAP5,0.672896504402161
RECQL,0.636408805847168
RPUSD3,0.328461080789566
SMC1A,0.453380972146988
C19orf48,0.444445192813873
CISD1,0.32999062538147
DBF4,0.527920424938202
TMEM97,0.783933103084564
ID3,0.293597340583801
ASS1,0.906843185424805
MIB2,0.674173176288605
EIF4EBP2,0.763384640216827
SMARCA5,0.574764549732208
TNFRSF21,0.786550104618073
SLC7A5,0.325121819972992
GRN,0.292858719825745
LBH,0.648594856262207
IRS1,1.42577064037323
SYPL1,0.26681262254715
ALOX5,2.01127195358276
CTNNBIP1,0.340849727392197
PNISR,0.282220184803009
LIG1,0.782106637954712
KATNAL1,0.480444014072418
SPC25,0.580486536026001
SLITRK6,1.75294876098633
HTRA1,0.807760715484619
PXDN,0.844663202762604
RPS28,0.0945302098989487
CARHSP1,0.25326344370842
CLCN3,0.707544147968292
COMMD4,0.447488933801651
EIF4B,0.309481889009476
ACD,0.637695550918579
BSG,0.147917419672012
KIF15,1.00247955322266
RHOBTB3,0.237591907382011
EPHX1,0.74425083398819
GPR137B,0.820230543613434
KLF4,1.09187364578247
MPC2,0.287221163511276
APLP2,0.119641005992889
TRA2B,0.242848411202431
LSM3,0.188993975520134
SYTL1,0.784563064575195
CHEK1,0.475755870342255
SEC11A,0.131920114159584
F8A3,1.42333734035492
SLBP,0.499814927577972
ADGRF1,0.671599388122559
PCDH7,0.54760068655014
PLAC8,0.332516402006149
RPL10,0.190404906868935
ANP32B,0.171481668949127
DEK,0.116842344403267
MRE11A,0.561311960220337
HSDL2,0.610780358314514
FGD5-AS1,0.627148926258087
BDH2,1.12677824497223
WEE1,0.605305969715118
H2AFZ,0.169343143701553
RPS14,0.0802101269364357
TEX30,0.452662229537964
C9orf142,0.268572390079498
THOC2,0.549190878868103
TSEN34,0.263378202915192
SMCHD1,0.632282733917236
KIAA1586,0.780868351459503
GATA2-AS1,0.691318392753601
CEP55,0.450465351343155
THUMPD3-AS1,0.413066536188126
SMCO4,0.957377135753632
C4orf27,0.417409121990204
TTC3,0.35126256942749
KLF5,0.437884449958801
SMC5,0.519661605358124
TTC14,0.548346102237701
LINC00511,1.14506304264069
RPL4,0.105111621320248
RPN1,0.27277484536171
RP11-545E17.3,0.351583003997803
LAMA3,0.688447833061218
CTNNAL1,0.293518960475922
BID,0.34102475643158
ADAR,0.601246237754822
RC3H2,0.922579646110535
RPL3,0.0865590274333954
RECQL4,1.39305651187897
GTF3C5,0.561881065368652
CUTA,0.111388869583607
DTL,1.21673011779785
TAF15,0.472976744174957
CETN2,0.258463531732559
LGALS8,0.533385157585144
YIPF3,0.324845671653748
NAGK,0.503689229488373
TMEM59,0.217349261045456
BRCA1,0.738945126533508
BLM,1.21927785873413
CKS1B,0.264717996120453
P4HA2,0.504768192768097
SLF1,0.895514070987701
TMEM98,0.585899293422699
CENPQ,0.844990372657776
TMEM106C,0.249673545360565
CTSF,1.07495677471161
CENPM,0.452530950307846
SH3BGRL,0.762549698352814
BTD,0.905547559261322
LGALS3BP,0.19754658639431
HEXA,0.418809711933136
CAMK2N1,0.419808477163315
CDCA7L,0.336256265640259
PFDN5,0.170158267021179
CEP78,0.603283166885376
TM9SF2,0.631753087043762
UNG,0.598547518253326
FAM213B,1.00822842121124
AY269186.1,0.408647119998932
CCDC14,0.70729273557663
RPL10A,0.086515337228775
CKB,0.428961992263794
RPL38,0.0714793056249619
COL5A2,1.01180005073547
CDC25C,0.908646881580353
MND1,1.08528554439545
TUBA1A,0.593251764774323
PSIP1,0.462191760540009
DDX11,0.944950222969055
SLU7,0.441791951656342
FGFBP1,0.292703747749329
PAFAH1B3,0.346006453037262
XPNPEP1,0.878634691238403
MIER1,0.421053260564804
HLA-DPB1,2.02460551261902
S100P,2.84249687194824
FAM127B,0.465529233217239
CCDC109B,0.56072199344635
FANCI,0.600872337818146
BARD1,0.696704983711243
BUB1B,0.766468584537506
RNASET2,0.578680694103241
FOXP1,0.771615147590637
RAD51C,0.433523893356323
B3GALT4,1.33688426017761
HYLS1,0.767931878566742
MRPL57,0.31556624174118
C3orf14,0.936740875244141
MELK,0.482784271240234
TPBG,0.612100064754486
AP3B1,0.457600057125092
CRIP1,0.450538575649262
SVBP,0.438704878091812
DNMT1,0.280554175376892
NAB1,0.788720428943634
HNRNPA0,0.18987825512886
NUP107,0.593297779560089
ATP1B1,0.557678401470184
LDOC1,0.411131381988525
PHPT1,0.188087373971939
RPL11,0.0823497325181961
CD68,0.782596051692963
HRH1,1.17945623397827
RAD18,0.876412034034729
GDA,0.502951741218567
TMUB1,0.626416623592377
TOMM7,0.115039274096489
E2F1,1.08981657028198
SRGN,1.96998703479767
FAM213A,0.209422394633293
ANXA6,1.17392456531525
USP48,0.427237421274185
GBA,0.991467177867889
SCP2,0.348924040794373
CHMP2B,0.329231470823288
DDX6,0.225689440965652
DPYSL2,0.937369048595428
CD44,0.111836016178131
PGRMC2,0.407187253236771
AKR7A2,0.22809311747551
TIPIN,0.791928470134735
BUB3,0.220406830310822
MRPS22,0.400753051042557
EMC6,-0.290780514478683
LINC01133,-0.330509841442108
SMYD2,-0.445513755083084
IFITM2,-0.708432495594025
FSTL1,-0.793494760990143
AKR1C3,-0.522463738918304
MARCH7,-0.477026104927063
CLPB,-0.65557199716568
DLG1,-0.458398520946503
OSTC,-0.338310688734055
OCIAD2,-0.370657444000244
OST4,-0.16123902797699
BZW1,-0.388901650905609
ATIC,-0.365478724241257
PVT1,-1.25173449516296
YKT6,-0.666285157203674
SDHB,-0.249589517712593
KLF6,-0.378700643777847
CSDE1,-0.30294805765152
B3GNT2,-1.81664144992828
METAP2,-0.334460109472275
CTU1,-1.03940260410309
SRP68,-0.609181225299835
EPS8L2,-0.275619238615036
PTP4A1,-0.510416507720947
C1orf43,-0.338477849960327
OGFOD3,-0.619587123394013
ATF6B,-0.41891422867775
TIMM44,-0.515291094779968
KPTN,-0.806839287281036
UBE2S,-0.43966817855835
SAFB2,-0.507566571235657
ARPC1A,-0.284118384122849
ST14,-0.415922552347183
TIMM10B,-0.532489061355591
RNF7,-0.309214770793915
AUP1,-0.308969616889954
SOD2,-0.463571310043335
SLC39A10,-0.459342211484909
USF2,-0.424759447574616
ZFP36L1,-0.407417297363281
CAPRIN1,-0.325399160385132
MRPL13,-0.186662673950195
ASNSD1,-0.458977520465851
TUFM,-0.201273456215858
CYB5R1,-0.616915822029114
RPUSD2,-1.06774795055389
CTSZ,-0.551262378692627
ASAP1,-0.426032513380051
DCTN1,-0.744542419910431
SFPQ,-0.287877529859543
MISP,-0.586736500263214
MT-CO2,-0.0517124868929386
EIF1AX,-0.31498983502388
YES1,-0.948915719985962
NSA2,-0.316669225692749
EGLN2,-1.17843270301819
PAIP2,-0.410938203334808
NTPCR,-0.538013637065888
NFU1,-0.423288643360138
SLC16A3,-0.391995459794998
CHCHD2,-0.172738879919052
ZFP36L2,-0.386140882968903
LRRC8D,-0.598769843578339
PDZD11,-0.389419078826904
SURF6,-0.853692829608917
CEBPZOS,-0.335351049900055
RWDD4,-0.61645895242691
RALA,-0.34633019566536
ADAM15,-0.481447249650955
FKBP3,-0.274286866188049
MYCBP2,-0.529290616512299
FAM177A1,-0.375918358564377
HDAC3,-0.566322922706604
ZNF622,-0.421341985464096
SFSWAP,-0.51521623134613
TMA16,-0.502189576625824
TRIM27,-0.489954262971878
LSM5,-0.292621582746506
BRI3,-0.186594784259796
MCL1,-0.719211339950562
GEMIN6,-0.496645361185074
CACUL1,-0.440397202968597
ARF1,-0.236612990498543
HIST1H2BD,-0.794633984565735
SFXN4,-0.722655057907105
MRPS36,-0.321400672197342
EIF2B2,-0.881524205207825
RPL36AL,-0.162077978253365
CDC20,-0.525559604167938
CCDC130,-1.43886280059814
MTHFD1L,-0.756862342357636
TXNRD1,-0.381306558847427
ACP1,-0.277819454669952
DBP,-0.815092980861664
FAM181B,-0.887776613235474
LY6K,-0.4295933842659
IQGAP1,-0.30206498503685
POLR1C,-0.973390936851501
YDJC,-0.410198777914047
MRPL55,-0.305306941270828
PFDN4,-0.403383374214172
MED28,-0.39005047082901
HMBS,-0.558483302593231
FKBP2,-0.313069045543671
ATXN10,-0.364291489124298
WDR77,-0.885384142398834
ATP6V1E1,-0.370571613311768
KPNA1,-0.894542574882507
SRP14,-0.0848176777362824
CCT6A,-0.247631281614304
PSAT1,-0.492706388235092
DCTPP1,-0.550267279148102
UBE2K,-0.325682044029236
SNAPC5,-0.860761821269989
NDUFS5,-0.170505300164223
TBL2,-1.15683448314667
POPDC3,-0.832399725914002
LAMTOR1,-0.256689697504044
VAT1,-0.545609831809998
MEST,-0.53249317407608
TMEM40,-0.454487800598145
SNHG15,-0.922147870063782
RAD23A,-0.270958989858627
PPP4R2,-0.685756266117096
MZT2B,-0.225014105439186
PSMC6,-0.293405592441559
PGAM5,-1.17395043373108
SEPT10,-0.603678941726685
GYG1,-0.754278302192688
COX6A1,-0.158138319849968
NUDCD2,-0.486586928367615
RNF126,-0.648983836174011
MRPS17,-0.884252667427063
FBXO2,-0.541449964046478
SNCA,-0.547702670097351
GSPT1,-0.349786818027496
PTOV1,-0.342462748289108
SPATS2L,-0.275096029043198
NIPBL,-0.38052374124527
KIAA0040,-0.788023173809052
L3HYPDH,-0.935248374938965
LYPLA2,-0.543545126914978
DNAJA2,-0.475993305444717
VDAC3,-0.3586246073246
YIF1A,-0.34582656621933
SNAP47,-0.73239803314209
CDV3,-0.586758375167847
PFDN1,-0.476753324270248
THBS1,-0.835572600364685
TAF7,-0.328374862670898
RTCB,-0.565914273262024
RAP1GDS1,-0.734035432338715
PRSS22,-1.29498982429504
UQCRQ,-0.15508921444416
TMEM203,-0.603779435157776
CYC1,-0.255703091621399
ZNF511,-0.380563646554947
RIOK1,-0.555066406726837
STOML2,-0.359687328338623
PTGES2,-0.514627695083618
TLN1,-0.503227949142456
PIM3,-0.585562407970429
PCGF5,-0.461062550544739
PAAF1,-0.580593287944794
ATP5A1,-0.330535113811493
TSPO,-0.225166380405426
SCO2,-0.716189920902252
NDUFB5,-0.351303428411484
RAB2A,-0.265991628170013
SMUG1,-0.492197066545487
TIMM17A,-0.345082998275757
DPY30,-0.274397283792496
EIF3B,-0.446034461259842
SRP9,-0.225727513432503
CCND1,-0.305537492036819
CRACR2B,-0.609951496124268
NCL,-0.256896555423737
TIPRL,-0.4369195997715
DNPEP,-0.538798332214356
TRIM28,-0.324286252260208
DNTTIP1,-0.710681080818176
DEXI,-0.741889715194702
A1BG,-0.32660236954689
VDAC1,-0.279767572879791
RAB7A,-0.328867167234421
NT5C,-0.569963335990906
PPP1CB,-0.373745143413544
NIP7,-0.730226218700409
C14orf166,-0.23789182305336
POLE4,-0.372331440448761
SFN,-0.227117195725441
CPNE3,-0.478262543678284
TPTEP1,-0.677984654903412
PSMD8,-0.259148597717285
SNRPC,-0.255029231309891
TFAP4,-1.44348454475403
LDHB,-0.184738025069237
C7orf50,-0.273169755935669
MRPS34,-0.220517501235008
PTEN,-0.749127388000488
TSR3,-0.391889095306397
POLR2K,-0.202929779887199
PON2,-0.588820338249207
WDR74,-0.750104248523712
LAPTM4B,-0.344457030296326
NOP58,-0.466473966836929
NDUFC1,-0.48223403096199
NCKAP1,-0.48742201924324
SRSF5,-0.332849472761154
EFTUD2,-0.788465857505798
ADAM17,-1.40152597427368
LINC00162,-0.424180716276169
FAM173A,-0.378561794757843
DYNC1H1,-0.413066208362579
AC098973.2,-0.497625350952148
NDFIP1,-0.390647441148758
LTBR,-0.722792088985443
TBC1D2,-0.768876254558563
GJB3,-0.584219217300415
ZCCHC9,-0.658504664897919
MAP2K2,-0.474287807941437
PFN2,-0.398577570915222
BOP1,-0.540225327014923
LINC00998,-0.527973294258118
COX5A,-0.1897102445364
PPT1,-0.505738914012909
AP2A2,-0.545538187026978
WDR46,-0.557446420192719
HMOX2,-0.475224256515503
CDK5RAP1,-0.887172818183899
COX6B1,-0.163568139076233
RNF26,-0.590738415718079
SNRNP27,-0.446716487407684
SPP1,-1.71219325065613
MYL6B,-0.345870137214661
WBSCR22,-0.518226742744446
LYRM7,-0.807840704917908
RNF216,-0.581342279911041
DRG2,-0.60731852054596
FAM104B,-0.698759913444519
SPINT1,-0.391246676445007
ARFIP2,-0.490855515003204
MAF1,-0.267225176095963
VASP,-0.593032419681549
BLCAP,-0.598469495773315
DGUOK,-0.336883664131165
MRPL27,-0.371584922075272
RPS6KA4,-0.753465414047241
CCDC167,-0.517771661281586
SEC11C,-0.868048250675201
LUC7L3,-0.369033992290497
DEF8,-0.608089625835419
BABAM1,-0.536103308200836
CALM1,-0.219762161374092
HSPA8,-0.298520892858505
G6PD,-0.381846994161606
RAB10,-0.327833771705627
TMED9,-0.260566532611847
CCDC84,-0.709914088249207
PRPF40A,-0.286499470472336
LIPA,-0.703186690807343
MAPK1,-0.664824903011322
C15orf61,-0.587655544281006
AIFM2,-0.513311564922333
KNOP1,-0.515478551387787
TPM1,-0.315768927335739
NHP2,-0.268241941928864
MTCH2,-0.314280420541763
PCID2,-0.579378843307495
NRBP1,-0.367316991090775
MRPL2,-0.548240005970001
EIF4A1,-0.347927123308182
TIMM10,-0.387351632118225
FASTK,-1.18529140949249
MRPS35,-0.413771837949753
RPUSD1,-0.864854454994202
TNNT1,-0.370804786682129
COX19,-0.466448128223419
SURF2,-0.553685247898102
TAP1,-0.675423860549927
C22orf39,-0.450049996376038
GCLM,-0.659832537174225
IMP4,-0.503986775875092
MRPL24,-0.535860419273377
RRS1,-1.56753170490265
ITGAE,-0.374542951583862
METTL5,-0.488129049539566
PCBD1,-0.294381648302078
ZNF593,-0.508450210094452
ISCU,-0.317758977413178
PYURF,-0.432863712310791
SMAGP,-1.21202993392944
POLDIP3,-1.18797039985657
TMOD3,-0.548968315124512
POLR2F,-0.238020494580269
SKA2,-0.400665372610092
CDC42,-0.315763682126999
MARVELD3,-1.2104287147522
BZW2,-0.382687479257584
MAP2K3,-0.691803514957428
GPN1,-0.564967274665833
PUS1,-0.860232591629028
TAP2,-0.881557762622833
YIPF4,-0.448711901903152
TXNDC9,-0.528144717216492
IFITM3,-0.301072299480438
TCP1,-0.25770902633667
COPZ1,-0.330612003803253
ECE2,-1.39611053466797
S100A13,-0.22846482694149
ADAM9,-0.604387879371643
TBRG4,-0.787315905094147
CHID1,-0.288679599761963
STX4,-1.3009557723999
ACTN1,-0.472076237201691
TMEM167A,-0.355065494775772
PRKCDBP,-0.315996646881104
HNRNPK,-0.233094111084938
CUL4A,-0.609551131725311
SH2D3A,-0.689086973667145
FAM136A,-0.506503224372864
DGUOK-AS1,-0.783907413482666
TKT,-0.284103631973267
PSMD12,-0.446394383907318
SDHD,-0.339674592018127
HSPB8,-1.2352751493454
MRPL47,-0.383588820695877
SOX15,-0.470780313014984
IDH1,-0.687115609645844
HSPBP1,-0.551817417144775
EXOSC1,-0.445924252271652
CAPZA1,-0.410939365625381
USO1,-0.588759958744049
MRPL52,-0.284852117300034
WDR18,-0.565248310565949
TOB1,-1.53993451595306
PWP1,-0.459004521369934
OLR1,-0.966143846511841
PKM,-0.20948813855648
PSMD9,-1.00309383869171
ADRM1,-0.397227376699448
AAED1,-0.788766324520111
PSMD1,-0.414010047912598
FAM207A,-0.558485209941864
CLIC1,-0.173893064260483
RPS6KB2,-0.479534596204758
EIF4G2,-0.472833216190338
RPP40,-0.675728917121887
HPS1,-0.614315927028656
ZMPSTE24,-1.30960285663605
FXR1,-0.451367288827896
EIF2S1,-0.493372619152069
YARS2,-0.669247269630432
CNPY2,-0.421034753322601
ITGB1BP1,-0.559459030628204
NUCKS1,-0.308791309595108
IGFBP7,-0.236398816108704
DHRS7,-0.478861749172211
MRPL19,-0.766733705997467
SNRNP25,-0.496199697256088
CCDC124,-0.457988202571869
TM2D2,-0.59685480594635
PSMB9,-0.421431064605713
CTDNEP1,-0.54237562417984
ELF3,-0.630962133407593
SLC48A1,-0.591199159622192
NOP16,-0.759391725063324
ANAPC11,-0.233583256602287
ERCC1,-0.546866655349731
RTKN,-1.27319025993347
SSBP1,-0.319739550352097
CCT7,-0.32635372877121
FAM96B,-0.359684020280838
TRIP10,-0.805668354034424
ERP29,-0.311489284038544
EIF4G1,-0.565139174461365
C17orf89,-0.405817747116089
MDH2,-0.326673895120621
BLVRB,-0.380507588386536
TCEB1,-0.347372263669968
MRPS12,-0.541884541511536
SEC62,-0.33866673707962
TMED2,-0.275426834821701
SLC39A7,-0.654819011688232
PDCD2,-0.529527306556702
BNIP3,-0.604422271251679
MRTO4,-0.738703608512878
RP11-20D14.6,-0.575006902217865
SERPINH1,-0.511309325695038
BRIX1,-0.437437564134598
HSBP1,-0.277496725320816
ARL6IP4,-0.259715437889099
BAG2,-0.571395397186279
NPM3,-0.454139471054077
MRPS7,-0.464656352996826
STIP1,-0.479767948389053
SERBP1,-0.234808921813965
FLYWCH2,-0.646264851093292
PTRF,-0.416503667831421
CALB1,-0.942708015441895
GRWD1,-1.36333429813385
ATP5C1,-0.208361893892288
C1orf122,-0.574200212955475
LINC00116,-0.529450476169586
MED8,-0.593190371990204
NSFL1C,-0.607557654380798
SMIM10L1,-0.609106481075287
SNF8,-0.390539556741715
ATP5J2,-0.200675562024117
C20orf27,-0.562454342842102
PNO1,-0.936697721481323
CMBL,-0.601665556430817
LSM10,-0.813045263290405
PPP2R1A,-0.381656646728516
PLEKHB2,-0.729137182235718
MRPL30,-1.43611574172974
KRT5,-0.358719319105148
RBAK-RBAKDN,-0.990041553974152
SNRPF,-0.312053382396698
RBM28,-0.993269026279449
HMGA1,-0.211205586791039
ETF1,-0.778519988059998
HSPA9,-0.451671212911606
PSMA2,-0.365521550178528
MRPL32,-0.538612365722656
FJX1,-0.754078686237335
FSCN1,-0.305515110492706
CLDN7,-0.414993762969971
ZFAND5,-0.503879308700562
RAN,-0.29382735490799
UGDH,-0.854943156242371
CDC123,-0.362703233957291
MRPL33,-0.227305859327316
UBE2J2,-0.487620025873184
GTF2A2,-0.387654781341553
NDUFA1,-0.309162050485611
SNRPA1,-0.463372617959976
CACYBP,-0.319695919752121
NUDT3,-0.633373737335205
NAPRT,-0.428397208452225
UBE2J1,-0.703431487083435
GCSH,-0.427702635526657
CBR1,-0.465221107006073
BLOC1S2,-0.401861727237701
COA4,-0.514823198318481
MRPS9,-0.887639045715332
PUF60,-0.326553255319595
NRG1,-1.53321242332459
MRPL40,-0.498387217521668
DENR,-0.337090462446213
YARS,-0.810875654220581
USP14,-0.619373798370361
TNFRSF12A,-0.458214789628983
TAF9,-0.439345329999924
NPM1,-0.181300655007362
MSN,-0.641100943088532
AURKAIP1,-0.278489112854004
CALM3,-0.31167533993721
HNRNPM,-0.376088529825211
ATP5D,-0.297043681144714
RPL8,-0.1098852455616
SEC61G,-0.298178791999817
HOTAIRM1,-1.02959799766541
CEP112,-0.772122859954834
HSPA4,-0.728212773799896
UBE2L3,-0.293324708938599
BYSL,-1.38120651245117
MLLT11,-0.55594003200531
HSP90AA1,-0.288288772106171
PSME3,-1.06057357788086
PARL,-0.675780713558197
UBE2F,-1.24945735931396
SNRPN,-1.01641368865967
KRT19,-0.205610647797585
LAMTOR5,-0.346298396587372
NARS,-0.652728736400604
CFL1,-0.168193981051445
ZC3H15,-0.346311509609222
USP34,-0.674349665641785
MGST1,-0.25928869843483
PDAP1,-0.408050894737244
OAT,-0.46574878692627
ODC1,-0.572485983371735
C8orf33,-0.843953549861908
MRPL14,-0.344066858291626
DCUN1D5,-0.599605679512024
MT1E,-0.591907441616058
EMC8,-0.795012474060059
ADI1,-0.499238610267639
UQCRFS1,-0.348518371582031
BCL2L1,-0.638098299503326
ASNA1,-0.43431168794632
ECHS1,-0.363586485385895
RAC3,-0.811637043952942
GLRX5,-0.594788193702698
DDX18,-0.43818661570549
CIB1,-0.46877908706665
ACAT1,-0.524556457996368
AIMP2,-0.661128520965576
COTL1,-0.469723671674728
MOB1A,-0.531296789646149
H3F3B,-0.235354781150818
NDUFA4,-0.171026706695557
MYEOV2,-0.419397950172424
UPP1,-0.946214973926544
SRI,-0.462351590394974
DRAP1,-0.365808755159378
EIF3G,-0.375069707632065
SSB,-0.413112044334412
TXNDC17,-0.276171326637268
UBB,-0.245532974600792
GTPBP4,-0.565616369247437
MRPS14,-0.528325736522675
MIR4458HG,-0.854114770889282
COX20,-0.415452092885971
MYC,-0.712315440177918
SNRPD2,-0.207211047410965
UBL5,-0.266180902719498
AP3D1,-0.761919975280762
RP11-295G20.2,-0.679321944713593
ITPA,-0.663016974925995
PDCD5,-0.363344103097916
SEPT7,-0.374020636081696
C19orf24,-0.483386695384979
NOC2L,-0.576375663280487
PFDN6,-0.482556790113449
ANXA7,-0.531685173511505
HNRNPH3,-0.462492942810059
MFAP5,-1.52595400810242
COA6,-0.376128077507019
SLC27A5,-0.752992570400238
PEBP1,-0.340845704078674
MYDGF,-0.390433788299561
C6orf132,-1.14911305904388
MRPL11,-0.439922690391541
NCBP2,-0.607768833637238
GPI,-0.509700238704681
C14orf2,-0.307243674993515
RRP7A,-0.37385693192482
CORO1C,-0.650957763195038
NEDD8,-0.280909180641174
RDH11,-1.23655307292938
COX7B,-0.275681912899017
MRPL3,-0.591572284698486
HIST3H2A,-1.05422270298004
TRIM16L,-0.754387676715851
YWHAQ,-0.286890685558319
NUDC,-0.441608816385269
RRAS,-0.609652280807495
BANF1,-0.297197312116623
CRELD2,-0.47320020198822
NDUFB8,-0.293557971715927
LYRM4,-0.574030697345734
RPS19BP1,-0.559914648532867
RP11-532F12.5,-0.828478455543518
THOC7,-0.632609605789185
TBC1D7,-0.638270199298859
SRSF9,-0.3768430352211
FBXO3,-0.55076938867569
SQSTM1,-0.531073331832886
RAB1A,-0.441385060548782
RPF2,-0.916126072406769
PTP4A2,-0.739276766777039
SNHG18,-0.87569934129715
VCP,-0.510181248188019
COX6C,-0.216216936707497
ATPIF1,-0.349440425634384
PDIA6,-0.325988560914993
KARS,-0.522508025169373
MRPL12,-0.471618145704269
NOL7,-0.39280304312706
PHB2,-0.552772343158722
NUTF2,-0.367899298667908
REXO2,-0.460254311561585
EIF3J,-0.412418454885483
C16orf13,-0.320882827043533
RP11-54H7.4,-0.981892466545105
TSTA3,-0.607233583927155
TIMM23,-0.924828231334686
NACA,-0.173667073249817
ATP5E,-0.185644045472145
HSPH1,-0.447001934051514
COX7B2,-0.619303524494171
C19orf53,-0.348650723695755
ATP5F1,-0.374960243701935
DHRS3,-0.700239062309265
TCEB2,-0.250319600105286
ASPH,-0.667143046855927
SKP1,-0.300039380788803
SRSF2,-0.486852675676346
MRPS10,-0.67733508348465
GPATCH4,-0.96639484167099
PSMC4,-0.697234213352203
LY6E,-0.425008565187454
SEC61B,-0.291665256023407
SLC25A39,-0.389418870210648
LGALS1,-0.542656898498535
ATP5L,-0.19548436999321
YWHAE,-0.33449712395668
UBE2L6,-0.636416912078857
SFTA1P,-0.841057658195496
EIF3D,-0.437951683998108
C12orf75,-0.596127450466156
MT2A,-0.466955125331879
FXYD5,-0.272746801376343
COPRS,-0.591906130313873
HSPD1,-0.424123018980026
LMNA,-0.311731994152069
CISD3,-0.724588394165039
SERP1,-0.501499652862549
DDX21,-0.605906546115875
KRT7,-0.223170593380928
XRCC6,-0.35674312710762
PCNP,-0.615487813949585
TPI1,-0.260908365249634
CD59,-0.302011489868164
LSM7,-0.36793464422226
PSMD13,-0.786081671714783
PSMD7,-0.447622835636139
ATP5G3,-0.378073781728745
NAA20,-0.513425469398499
CAV2,-0.43128901720047
TMX2,-0.661548972129822
CCT4,-0.433720827102661
PSMA4,-0.375486463308334
RUVBL2,-0.61385190486908
TMEM141,-0.573190927505493
FAM195A,-0.836153447628021
ANXA1,-0.297457784414291
TROAP,-0.83320564031601
HSD17B10,-0.702402114868164
GTF3A,-0.514729022979736
PSMD11,-0.495236605405808
PSMB4,-0.579831540584564
MLF2,-0.478769749403
NDUFV3,-0.664998173713684
COX8A,-0.303877413272858
CCDC85B,-0.482607960700989
RRP15,-0.852894365787506
STRAP,-0.565553784370422
RAD23B,-0.658198952674866
PSMC5,-0.436574161052704
GPRC5A,-0.629006147384644
APRT,-0.412418335676193
C1QBP,-0.399752587080002
NME1,-0.560984253883362
NQO1,-0.483637362718582
GTF3C6,-0.569167077541351
DBI,-0.381468027830124
PRDX5,-0.321425795555115
CCT3,-0.489465087652206
MIF,-0.485316246747971
TIMM8B,-0.404579848051071
PHB,-0.515392065048218
DCAF13,-0.738566100597382
CCT8,-0.510554194450378
MRPL4,-0.745522737503052
PGAM1,-0.323160022497177
FKBP4,-0.687184929847717
GPX2,-0.681203305721283
HDGF,-0.75887531042099
CYCS,-0.47566619515419
DAP3,-0.774136960506439
S100A2,-0.328358262777329
TALDO1,-0.320747941732407
HMGN3,-0.359709024429321
PSMB5,-0.385522454977036
SOD1,-0.320043176412582
SHFM1,-0.352985203266144
ANAPC15,-0.588757276535034
EIF2S2,-0.331139713525772
PSMB1,-0.311205923557282
RTN4,-0.445603460073471
OAZ1,-0.227523311972618
HTATIP2,-0.493240207433701
ANXA2,-0.240695476531982
ISOC2,-0.646457731723785
PTGES3,-0.39931645989418
RHOC,-0.584298968315125
YWHAZ,-0.351121574640274
MTDH,-0.554884195327759
VPS28,-0.615919947624207
PPIA,-0.262717217206955
EPCAM,-0.485013455152512
NDUFB9,-0.271119564771652
AP2M1,-0.399680644273758
PSMA5,-0.533748686313629
PSMD2,-0.506353378295898
SRM,-0.700189411640167
PSMB7,-0.421601831912994
SMS,-0.656888544559479
DMKN,-0.569780230522156
UBE2M,-0.608593881130219
RP11-554I8.2,-1.11168658733368
MRPS15,-0.640771687030792
CAP1,-0.646998703479767
ATP5B,-0.383133441209793
RSL1D1,-0.631517708301544
PGK1,-0.538670361042023
PRDX6,-0.380126625299454
GADD45GIP1,-0.478510707616806
TPM2,-0.573630094528198
ALDOA,-0.326722115278244
HSP90AB1,-0.437309294939041
NDUFA3,-0.566602051258087
SLIRP,-0.469816297292709
PSMB2,-0.511768817901611
EBNA1BP2,-0.780843377113342
TIMM13,-0.557931542396545
TOMM22,-0.671927809715271
WDR43,-0.876049041748047
SUB1,-0.41993573307991
SNRPG,-0.446587264537811
PSMD3,-0.903506100177765
AHSA1,-0.694681107997894
SET,-0.454821854829788
KRT10,-0.446726620197296
EMP1,-0.773813009262085
PRDX3,-0.663841962814331
USMG5,-0.436162382364273
PSMB3,-0.491344928741455
PFDN2,-0.676482141017914
SCD,-1.1470388174057
MRPS18B,-0.79159951210022
NME4,-0.636917233467102
FTL,-0.390845358371735
EIF3I,-0.541615545749664
PDCD6,-0.611452996730804
ACTB,-0.348632395267487
SH3BGRL3,-0.499017328023911
BOLA3,-0.791944205760956
PARK7,-0.362367510795593
MRPL28,-0.5957350730896
UFM1,-0.577426433563232
ATP5I,-0.797743618488312
MRPL36,-0.738645076751709
PSME2,-0.787382781505585
UQCR10,-0.414990991353989
PRELID1,-0.564473450183868
KRT8,-0.55849701166153
PSMC1,-0.792465150356293
EIF5A,-0.656205475330353
CAV1,-0.554522812366486
PSMD14,-0.820485651493073
TRMT112,-0.499403089284897
GLRX3,-0.713297724723816
POLR2L,-0.437351018190384
ANXA3,-1.34976327419281
TMSB10,-0.408930480480194
PTMS,-0.736192643642426
PRMT1,-0.688663721084595
HSPE1,-0.564385771751404
PSMA7,-0.445813775062561
CCT5,-0.570618867874146
UCHL1,-0.658698320388794
GAL,-1.31413555145264
KRT18,-0.829499840736389
PRDX1,-0.381168603897095
PPP1R14B,-0.7839674949646
GAPDH,-0.325886458158493
NDUFS6,-0.761015772819519
ENO1,-0.477608740329742
PFN1,-0.424108684062958
S100A16,-0.791939556598663
POMP,-0.549218595027924
PSMB6,-0.594867467880249
LDHA,-0.826605200767517
HSPB1,-0.704287469387054
